2789
6
69587
16220
197
6
344
54185
14958
9
2102
241227
14
205
16487
14
1
14891
2812
16234
17
58985
8
16355
16191
16130
239370
240215
625
70825
15630
70758
2773
3
57934
35521
240941
1481
8453
10957
13
1666
316
70694
13800
2829
21
2069
16032
187531
16092
2046
9
788
231602
1459
22
18
341
241199
347
16495
278
241223
70825
11636
81
60711
2834
15629
70278
24
70723
16475
68536
160
238080
2147
300
2834
228
112
241202
240891
11
6744
239937
9
2547
69
16105
2810
66724
160
2656
2767
1370
1909
70083
68941
1534
521
241224
241209
1526
239121
210855
239917
42988
349
24948
226
15341
15920
16495
2266
10
16
1833
241217
236651
240941
7
25
27
70313
866
5
220815
241158
15562
110213
69210
40931
210764
1
11817
222306
13985
236336
6140
16356
241202
16
284
14969
15677
223535
40
1713
240903
3
6
142561
105308
2328
64990
16328
2683
240951
61409
8143
70826
70741
324
70775
16
13717
321
66984
66536
70825
287
346
70758
349
240941
202824
37
192
70511
202357
70828
327
2766
70825
58142
2485
11090
12101
240951
16478
1489
16480
64655
6889
229
8
16487
1
479
247
20
92
241202
235754
68083
2842
16220
265
50522
297
221
6975
6874
15888
64670
2591
16451
16439
596
4
150
54542
11713
213995
18
23
15
213486
67727
2331
15668
665
52452
16
18
70789
241192
2813
333
68580
2072
70744
67541
70313
70316
241223
12166
1712
20
67181
2
21
51038
17
19
2485
168951
18
2214
223491
241199
16488
129
15122
5
61967
2806
70758
241201
189
168027
20
16308
16205
13348
31734
326
238035
23
7
17
8485
68655
100403
203
338
68411
241205
6
241173
25
241227
231609
1602
70790
11
114329
1675
280
1353
137
241159
16495
1
7
16465
281
241202
2802
15670
2851
70298
7763
16454
25
240813
16484
16348
2578
2858
241223
299
8
15
16474
203205
9929
26725
1934
5
33978
8
241202
241202
342
1
35372
239901
16437
241156
16026
98411
24
229
16382
2858
346
2362
2858
12
5
16480
50535
2773
58505
70835
3
213995
319
241216
20
1
2593
9
11452
5
70820
51790
70805
10441
16048
16450
15677
11
183
184
14
70675
197046
329
6
4779
16444
2522
232714
2160
2858
15295
16052
50487
109722
11
2827
16454
76
14986
276
233859
1562
241156
171105
61959
12803
17
70721
2692
10
14995
16106
2212
150675
974
2817
9931
2
2648
214
15
70766
4116
18
2841
67853
21
16
237561
10695
16422
1573
2845
16140
16477
2102
109
15258
39816
16382
16151
164
688
70727
70825
20
22
4
311
251
338
8344
231567
236140
16480
70825
42996
14
2575
68373
16485
2824
2259
7
2593
636
70826
16478
17
15
2649
15
241199
334
54500
1577
14984
16389
16444
244
212
2844
22
69596
223477
202396
16352
14
16393
2857
241202
240
2855
19
70835
2854
236554
16354
213998
142362
8
2099
2858
23
4712
50270
274
16487
49264
2844
72
15142
22
15668
3272
11
332
216
295
8394
2800
70777
4
13839
208
66353
14950
11639
57300
230265
20
2844
283
181
50
7
2845
70742
12099
300
116
107941
16489
69589
11
275
24223
8
7
299
241206
34304
324
70017
4
14947
31682
16002
4998
70028
160
15256
82143
19
64449
240807
241148
19
15628
240725
65497
2851
15
13
109931
58194
50513
239859
15654
342
46422
1546
5394
2857
70226
15118
14374
25
21
16487
70825
5090
167
69569
2858
1068
14624
240921
339
1744
240495
326
39
2858
240300
16486
222226
205
67162
241199
70767
16495
2670
12
15582
241206
23
312
233915
223227
291
54408
2569
300
240941
13
12
8761
14
300
2379
53295
21
13
13
13
237
8
2
276
2330
2110
284
8281
240738
203830
11
241223
45976
59882
1441
1854
12226
15935
2858
72
267
16306
70731
76
69331
68472
1332
70825
1
205
24
56968
5
70808
15922
342
7
320
143
349
11
2763
69446
240883
294
346
5
70490
16035
22
2760
305
27513
1539
211842
2798
40
16359
2721
168
240911
2701
6267
67808
16495
16451
2851
20
70374
13
509
153
2214
150
16332
1135
64112
16356
349
6
14740
1
1046
66149
16124
1616
211
2857
2844
1757
110038
24
69588
16486
16325
16
16465
5919
15606
1581
16480
12
240779
14158
241192
9
42529
173
16
16480
17
2755
3
240912
333
70767
4396
18
194
8101
192087
255
2858
241203
117
347
2515
283
1
65171
237576
22
68320
238047
70713
12
200
23
70432
11
2838
168033
15140
144
70826
192405
56998
13846
9969
321
2784
61976
2554
16450
16477
18
22
21
200067
1723
241216
236655
15861
143005
307
6
67554
2766
66050
1
2857
66444
2276
166608
2283
69973
225592
241202
15906
300
68
58484
67
332
22
241206
22
16471
4
61714
184
240885
295
14259
13681
16489
133
67742
109448
117
228552
171110
349
213995
189
69565
67181
2590
240941
50500
16477
18
301
16489
18
338
283
42656
64676
347
2507
228989
2792
4968
63499
2773
70825
349
22
1873
2844
295
16
251
19
312
16218
349
252
12594
2812
1823
24
241199
16
2747
193
89934
829
70793
240738
2117
309
150
105
9886
15932
241151
1
25
233
70749
238796
7
2301
1439
70825
159
16295
69939
16478
15918
2827
3
18
240885
270
61970
16489
70502
185683
240879
16487
241223
5658
233883
241
10
16203
240911
2614
70750
50521
307
2837
40501
67431
2681
15676
1994
110245
96
2812
12837
221561
202398
2701
8
70825
5840
326
2751
10
203
51956
13836
240759
2508
3319
1
11
272
2069
2420
133
2
2324
2605
14926
16469
347
9
259
24
68573
14353
17
111
34
41492
122
254
2
70799
14998
16
24
2829
334
192396
6823
168016
150808
14416
70817
344
995
2858
16495
2849
240877
11
135752
2526
2520
